[CALIB]
latitude0=0.000000
latitude1=0.2588
latitude2=0.5000
latitude3=0.7071
latitude4=0.8660
latitude5=0.9659
latitude6=1.000000
latitude7=1.000000
latitude8=1.000000
latitude9=1.000000
latitude10=1.000000
latitude11=1.000000
latitude12=1.000000
