[CALIB]
latitude0=0.000000
latitude1=0.115333
latitude2=0.232667
latitude3=0.340999
latitude4=0.453331
latitude5=0.559665
latitude6=0.660998
latitude7=0.754331
latitude8=0.843665
latitude9=0.938998
latitude10=0.981331
latitude11=0.990666
latitude12=1.000000
